[gd_scene load_steps=15 format=3 uid="uid://2yk827j8q4kd"]

[ext_resource type="PackedScene" uid="uid://ca8cwwnni1yis" path="res://Assets/FlawLizArt/Eldritch/tentacle.fbx" id="1_20ffb"]
[ext_resource type="Script" uid="uid://e0iafwrwxwwb" path="res://Prefabs/Eldritch/EldritchTentacle.cs" id="1_b8nn1"]
[ext_resource type="PackedScene" uid="uid://c38eyhbfr54n8" path="res://Prefabs/Eldritch/eldritch_eye.tscn" id="2_b8nn1"]
[ext_resource type="Script" uid="uid://ckv4mr7osps52" path="res://Modules/Animation/AnimationStateMachine.cs" id="3_6yafa"]

[sub_resource type="CapsuleShape3D" id="CapsuleShape3D_b8nn1"]
radius = 0.0100803
height = 0.025

[sub_resource type="CapsuleShape3D" id="CapsuleShape3D_6yafa"]
radius = 0.00975413
height = 0.025

[sub_resource type="CapsuleShape3D" id="CapsuleShape3D_v45o8"]
radius = 0.00917234
height = 0.025

[sub_resource type="CapsuleShape3D" id="CapsuleShape3D_blmpd"]
radius = 0.00861401
height = 0.025

[sub_resource type="CapsuleShape3D" id="CapsuleShape3D_yo4h0"]
radius = 0.0073422
height = 0.025

[sub_resource type="CapsuleShape3D" id="CapsuleShape3D_qrltt"]
radius = 0.00624915
height = 0.025

[sub_resource type="CapsuleShape3D" id="CapsuleShape3D_gimeh"]
radius = 0.00548508
height = 0.025

[sub_resource type="CapsuleShape3D" id="CapsuleShape3D_tcsey"]
radius = 0.00499344
height = 0.025

[sub_resource type="CapsuleShape3D" id="CapsuleShape3D_gydqj"]
radius = 0.00462248
height = 0.025

[sub_resource type="CapsuleShape3D" id="CapsuleShape3D_54gbl"]
radius = 0.00442724
height = 0.025

[node name="EldritchTentacle" type="Node3D" node_paths=PackedStringArray("Animation", "Eye")]
script = ExtResource("1_b8nn1")
Animation = NodePath("AnimationStateMachine")
Eye = NodePath("tentacle/Armature/Skeleton3D/BoneAttachment3D/Eldritch_Eye")

[node name="tentacle" parent="." instance=ExtResource("1_20ffb")]

[node name="Skeleton3D" parent="tentacle/Armature" index="0"]
bones/2/rotation = Quaternion(-0.0971924, 5.42165e-26, 2.1581e-17, 0.995266)
bones/3/rotation = Quaternion(-0.203665, -2.30212e-25, 5.96002e-17, 0.979041)
bones/4/rotation = Quaternion(-0.225086, -1.40173e-24, 1.97518e-17, 0.974339)
bones/5/rotation = Quaternion(0.288735, 2.39128e-24, -8.15048e-17, 0.957409)
bones/6/rotation = Quaternion(0.23618, 1.83571e-24, -4.77871e-17, 0.971709)
bones/7/rotation = Quaternion(0.263662, -3.37033e-24, -5.45547e-17, 0.964615)
bones/8/rotation = Quaternion(0.288032, -1.30492e-23, -6.0902e-17, 0.957621)
bones/9/rotation = Quaternion(0.234315, -3.52216e-25, -5.20284e-17, 0.972161)
bones/10/rotation = Quaternion(0.250803, -9.02852e-24, -5.56894e-17, 0.968038)

[node name="BoneAttachment3D" type="BoneAttachment3D" parent="tentacle/Armature/Skeleton3D" index="1"]
transform = Transform3D(1, 1.28606e-16, -3.18928e-16, 2.7239e-16, -0.862328, 0.50635, -2.099e-16, -0.50635, -0.862328, 1.79838e-18, -0.011888, 0.0594653)
bone_name = "Limb.010_end"
bone_idx = 11

[node name="Eldritch_Eye" parent="tentacle/Armature/Skeleton3D/BoneAttachment3D" instance=ExtResource("2_b8nn1")]
transform = Transform3D(0.003, 0, 0, 0, -1.31134e-10, -0.003, 0, 0.003, -1.31134e-10, 0, 0, 0)

[node name="Limb_001" type="BoneAttachment3D" parent="tentacle/Armature/Skeleton3D" index="2"]
transform = Transform3D(1, 0, 0, 0, -1.19209e-07, -1, 0, 1, -1.19209e-07, 0, -1.19209e-09, -9.31323e-10)
bone_name = "Limb.001"
bone_idx = 1

[node name="StaticBody3D" type="StaticBody3D" parent="tentacle/Armature/Skeleton3D/Limb_001"]

[node name="CollisionShape3D" type="CollisionShape3D" parent="tentacle/Armature/Skeleton3D/Limb_001/StaticBody3D"]
transform = Transform3D(1, 0, 0, 0, 1, 0, 0, 0, 1, 0, 0.005, 0)
shape = SubResource("CapsuleShape3D_b8nn1")

[node name="Limb_002" type="BoneAttachment3D" parent="tentacle/Armature/Skeleton3D" index="3"]
transform = Transform3D(1, -4.29577e-17, -4.19503e-18, 4.19502e-18, 0.193464, -0.981107, 4.29577e-17, 0.981107, 0.193464, 0, -2.38419e-09, 0.01)
bone_name = "Limb.002"
bone_idx = 2

[node name="StaticBody3D" type="StaticBody3D" parent="tentacle/Armature/Skeleton3D/Limb_002"]

[node name="CollisionShape3D" type="CollisionShape3D" parent="tentacle/Armature/Skeleton3D/Limb_002/StaticBody3D"]
transform = Transform3D(1, 0, 0, 0, 1, 0, 0, 0, 1, 0, 0.005, 0)
shape = SubResource("CapsuleShape3D_6yafa")

[node name="Limb_003" type="BoneAttachment3D" parent="tentacle/Armature/Skeleton3D" index="4"]
transform = Transform3D(1, -1.54423e-16, -4.52552e-17, 5.0591e-17, 0.568673, -0.822563, 1.52758e-16, 0.822563, 0.568673, -4.29577e-19, 0.00193464, 0.0198111)
bone_name = "Limb.003"
bone_idx = 3

[node name="StaticBody3D" type="StaticBody3D" parent="tentacle/Armature/Skeleton3D/Limb_003"]

[node name="CollisionShape3D" type="CollisionShape3D" parent="tentacle/Armature/Skeleton3D/Limb_003/StaticBody3D"]
transform = Transform3D(1, 0, 0, 0, 1, 0, 0, 0, 1, 0, 0.005, 0)
shape = SubResource("CapsuleShape3D_v45o8")

[node name="Limb_004" type="BoneAttachment3D" parent="tentacle/Armature/Skeleton3D" index="5"]
transform = Transform3D(1, -1.57416e-16, -1.17294e-16, 7.97931e-17, 0.871844, -0.489783, 1.79362e-16, 0.489783, 0.871844, -1.97381e-18, 0.00762138, 0.0280367)
bone_name = "Limb.004"
bone_idx = 4

[node name="StaticBody3D" type="StaticBody3D" parent="tentacle/Armature/Skeleton3D/Limb_004"]

[node name="CollisionShape3D" type="CollisionShape3D" parent="tentacle/Armature/Skeleton3D/Limb_004/StaticBody3D"]
transform = Transform3D(1, 0, 0, 0, 1, 0, 0, 0, 1, 0, 0.005, 0)
shape = SubResource("CapsuleShape3D_blmpd")

[node name="Limb_005" type="BoneAttachment3D" parent="tentacle/Armature/Skeleton3D" index="6"]
transform = Transform3D(1, -3.99512e-17, -5.77725e-17, -3.32204e-17, 0.455687, -0.89014, 6.18883e-17, 0.89014, 0.455687, -3.54796e-18, 0.0163398, 0.0329345)
bone_name = "Limb.005"
bone_idx = 5

[node name="StaticBody3D" type="StaticBody3D" parent="tentacle/Armature/Skeleton3D/Limb_005"]

[node name="CollisionShape3D" type="CollisionShape3D" parent="tentacle/Armature/Skeleton3D/Limb_005/StaticBody3D"]
transform = Transform3D(1, 0, 0, 0, 1, 0, 0, 0, 1, 0, 0.005, 0)
shape = SubResource("CapsuleShape3D_yo4h0")

[node name="Limb_006" type="BoneAttachment3D" parent="tentacle/Armature/Skeleton3D" index="7"]
transform = Transform3D(1, 3.08589e-17, -5.55626e-17, -5.54474e-17, -0.00372064, -0.999993, -3.10654e-17, 0.999993, -0.00372064, -3.94748e-18, 0.0208967, 0.0418359)
bone_name = "Limb.006"
bone_idx = 6

[node name="StaticBody3D" type="StaticBody3D" parent="tentacle/Armature/Skeleton3D/Limb_006"]

[node name="CollisionShape3D" type="CollisionShape3D" parent="tentacle/Armature/Skeleton3D/Limb_006/StaticBody3D"]
transform = Transform3D(1, 0, 0, 0, 1, 0, 0, 0, 1, 0, 0.005, 0)
shape = SubResource("CapsuleShape3D_qrltt")

[node name="Limb_007" type="BoneAttachment3D" parent="tentacle/Armature/Skeleton3D" index="8"]
transform = Transform3D(1, 1.03554e-16, -9.23023e-17, -2.6288e-17, -0.511865, -0.859066, -1.36206e-16, 0.859066, -0.511865, -3.63889e-18, 0.0208595, 0.0518359)
bone_name = "Limb.007"
bone_idx = 7

[node name="StaticBody3D" type="StaticBody3D" parent="tentacle/Armature/Skeleton3D/Limb_007"]

[node name="CollisionShape3D" type="CollisionShape3D" parent="tentacle/Armature/Skeleton3D/Limb_007/StaticBody3D"]
transform = Transform3D(1, 0, 0, 0, 1, 0, 0, 0, 1, 0, 0.005, 0)
shape = SubResource("CapsuleShape3D_gimeh")

[node name="Limb_008" type="BoneAttachment3D" parent="tentacle/Armature/Skeleton3D" index="9"]
transform = Transform3D(1, 1.52095e-16, -1.69196e-16, 6.35559e-17, -0.900838, -0.434155, -2.18451e-16, 0.434155, -0.900838, -2.60334e-18, 0.0157408, 0.0604265)
bone_name = "Limb.008"
bone_idx = 8

[node name="StaticBody3D" type="StaticBody3D" parent="tentacle/Armature/Skeleton3D/Limb_008"]

[node name="CollisionShape3D" type="CollisionShape3D" parent="tentacle/Armature/Skeleton3D/Limb_008/StaticBody3D"]
transform = Transform3D(1, 0, 0, 0, 1, 0, 0, 0, 1, 0, 0.005, 0)
shape = SubResource("CapsuleShape3D_tcsey")

[node name="Limb_009" type="BoneAttachment3D" parent="tentacle/Armature/Skeleton3D" index="10"]
transform = Transform3D(1, 1.59471e-16, -2.44292e-16, 1.6527e-16, -0.999714, 0.0239256, -2.40406e-16, -0.0239257, -0.999714, -1.08239e-18, 0.00673245, 0.0647681)
bone_name = "Limb.009"
bone_idx = 9

[node name="StaticBody3D" type="StaticBody3D" parent="tentacle/Armature/Skeleton3D/Limb_009"]

[node name="CollisionShape3D" type="CollisionShape3D" parent="tentacle/Armature/Skeleton3D/Limb_009/StaticBody3D"]
transform = Transform3D(1, 0, 0, 0, 1, 0, 0, 0, 1, 0, 0.005, 0)
shape = SubResource("CapsuleShape3D_gydqj")

[node name="Limb_010" type="BoneAttachment3D" parent="tentacle/Armature/Skeleton3D" index="11"]
transform = Transform3D(1, 1.28606e-16, -3.18928e-16, 2.7239e-16, -0.862328, 0.50635, -2.099e-16, -0.50635, -0.862328, 5.1232e-19, -0.00326468, 0.0645288)
bone_name = "Limb.010"
bone_idx = 10

[node name="StaticBody3D" type="StaticBody3D" parent="tentacle/Armature/Skeleton3D/Limb_010"]

[node name="CollisionShape3D" type="CollisionShape3D" parent="tentacle/Armature/Skeleton3D/Limb_010/StaticBody3D"]
transform = Transform3D(1, 0, 0, 0, 1, 0, 0, 0, 1, 0, 0.005, 0)
shape = SubResource("CapsuleShape3D_54gbl")

[node name="AnimationStateMachine" type="Node" parent="." node_paths=PackedStringArray("Animator")]
script = ExtResource("3_6yafa")
Animator = NodePath("../tentacle/AnimationPlayer")
metadata/_custom_type_script = "uid://ckv4mr7osps52"

[editable path="tentacle"]
