[gd_scene load_steps=16 format=3 uid="uid://2yk827j8q4kd"]

[ext_resource type="PackedScene" uid="uid://ca8cwwnni1yis" path="res://Assets/FlawLizArt/Eldritch/tentacle.fbx" id="1_20ffb"]
[ext_resource type="Script" uid="uid://e0iafwrwxwwb" path="res://Prefabs/Eldritch/EldritchTentacle.cs" id="1_b8nn1"]
[ext_resource type="PackedScene" uid="uid://c38eyhbfr54n8" path="res://Prefabs/Eldritch/eldritch_eye.tscn" id="2_b8nn1"]
[ext_resource type="Script" uid="uid://ckv4mr7osps52" path="res://Modules/Animation/AnimationStateMachine.cs" id="3_6yafa"]
[ext_resource type="AudioStream" uid="uid://boisawhq2sm78" path="res://Sounds/Raw/sfx_swipe_001.wav" id="5_6yafa"]

[sub_resource type="CapsuleShape3D" id="CapsuleShape3D_b8nn1"]
radius = 0.0100803
height = 0.025

[sub_resource type="CapsuleShape3D" id="CapsuleShape3D_6yafa"]
radius = 0.00975413
height = 0.025

[sub_resource type="CapsuleShape3D" id="CapsuleShape3D_v45o8"]
radius = 0.00917234
height = 0.025

[sub_resource type="CapsuleShape3D" id="CapsuleShape3D_blmpd"]
radius = 0.00861401
height = 0.025

[sub_resource type="CapsuleShape3D" id="CapsuleShape3D_yo4h0"]
radius = 0.0073422
height = 0.025

[sub_resource type="CapsuleShape3D" id="CapsuleShape3D_qrltt"]
radius = 0.00624915
height = 0.025

[sub_resource type="CapsuleShape3D" id="CapsuleShape3D_gimeh"]
radius = 0.00548508
height = 0.025

[sub_resource type="CapsuleShape3D" id="CapsuleShape3D_tcsey"]
radius = 0.00499344
height = 0.025

[sub_resource type="CapsuleShape3D" id="CapsuleShape3D_gydqj"]
radius = 0.00462248
height = 0.025

[sub_resource type="CapsuleShape3D" id="CapsuleShape3D_54gbl"]
radius = 0.00442724
height = 0.025

[node name="EldritchTentacle" type="Node3D" node_paths=PackedStringArray("Animation", "Eye")]
script = ExtResource("1_b8nn1")
Animation = NodePath("AnimationStateMachine")
Eye = NodePath("tentacle/Armature/Skeleton3D/BoneAttachment3D/Eldritch_Eye")

[node name="tentacle" parent="." instance=ExtResource("1_20ffb")]

[node name="Skeleton3D" parent="tentacle/Armature" index="0"]
bones/2/rotation = Quaternion(-0.0971924, 5.42165e-26, 2.1581e-17, 0.995266)
bones/3/rotation = Quaternion(-0.202357, -4.41629e-25, 4.49322e-17, 0.979312)
bones/4/rotation = Quaternion(-0.235797, -1.82702e-24, 5.23575e-17, 0.971802)
bones/5/rotation = Quaternion(0.274056, 4.00687e-24, -6.08527e-17, 0.961714)
bones/6/rotation = Quaternion(0.243498, -2.12122e-24, -5.40674e-17, 0.969901)
bones/7/rotation = Quaternion(0.274469, -2.84533e-24, -6.09443e-17, 0.961596)
bones/8/rotation = Quaternion(0.301755, -8.18363e-24, -6.70031e-17, 0.953385)
bones/9/rotation = Quaternion(0.234315, 6.83376e-24, -5.20284e-17, 0.972161)
bones/10/rotation = Quaternion(0.250803, -7.07715e-24, -5.56894e-17, 0.968038)

[node name="BoneAttachment3D" type="BoneAttachment3D" parent="tentacle/Armature/Skeleton3D" index="1"]
transform = Transform3D(1, 1.89617e-16, -3.37584e-16, 3.37583e-16, -0.853958, 0.520341, -1.89617e-16, -0.520341, -0.853958, 2.42101e-18, -0.0109033, 0.0586802)
bone_name = "Limb.010_end"
bone_idx = 11

[node name="Eldritch_Eye" parent="tentacle/Armature/Skeleton3D/BoneAttachment3D" instance=ExtResource("2_b8nn1")]
transform = Transform3D(0.003, 0, 0, 0, -1.31134e-10, -0.003, 0, 0.003, -1.31134e-10, 0, 0, 0)

[node name="Limb_001" type="BoneAttachment3D" parent="tentacle/Armature/Skeleton3D" index="2"]
transform = Transform3D(1, 0, 0, 0, -1.19209e-07, -1, 0, 1, -1.19209e-07, 0, -1.19209e-09, -9.31323e-10)
bone_name = "Limb.001"
bone_idx = 1

[node name="StaticBody3D" type="StaticBody3D" parent="tentacle/Armature/Skeleton3D/Limb_001"]

[node name="CollisionShape3D" type="CollisionShape3D" parent="tentacle/Armature/Skeleton3D/Limb_001/StaticBody3D"]
transform = Transform3D(1, 0, 0, 0, 1, 0, 0, 0, 1, 0, 0.005, 0)
shape = SubResource("CapsuleShape3D_b8nn1")

[node name="Limb_002" type="BoneAttachment3D" parent="tentacle/Armature/Skeleton3D" index="3"]
transform = Transform3D(1, -4.29577e-17, -4.19503e-18, 4.19502e-18, 0.193464, -0.981107, 4.29577e-17, 0.981107, 0.193464, 0, -2.38419e-09, 0.01)
bone_name = "Limb.002"
bone_idx = 2

[node name="StaticBody3D" type="StaticBody3D" parent="tentacle/Armature/Skeleton3D/Limb_002"]

[node name="CollisionShape3D" type="CollisionShape3D" parent="tentacle/Armature/Skeleton3D/Limb_002/StaticBody3D"]
transform = Transform3D(1, 0, 0, 0, 1, 0, 0, 0, 1, 0, 0.005, 0)
shape = SubResource("CapsuleShape3D_6yafa")

[node name="Limb_003" type="BoneAttachment3D" parent="tentacle/Armature/Skeleton3D" index="4"]
transform = Transform3D(1, -1.25782e-16, -3.9062e-17, 3.9062e-17, 0.566473, -0.82408, 1.25782e-16, 0.82408, 0.566473, -4.29577e-19, 0.00193464, 0.0198111)
bone_name = "Limb.003"
bone_idx = 3

[node name="StaticBody3D" type="StaticBody3D" parent="tentacle/Armature/Skeleton3D/Limb_003"]

[node name="CollisionShape3D" type="CollisionShape3D" parent="tentacle/Armature/Skeleton3D/Limb_003/StaticBody3D"]
transform = Transform3D(1, 0, 0, 0, 1, 0, 0, 0, 1, 0, 0.005, 0)
shape = SubResource("CapsuleShape3D_v45o8")

[node name="Limb_004" type="BoneAttachment3D" parent="tentacle/Armature/Skeleton3D" index="5"]
transform = Transform3D(1, -1.95655e-16, -1.17055e-16, 1.17055e-16, 0.881154, -0.472829, 1.95655e-16, 0.472829, 0.881154, -1.6874e-18, 0.00759937, 0.0280519)
bone_name = "Limb.004"
bone_idx = 4

[node name="StaticBody3D" type="StaticBody3D" parent="tentacle/Armature/Skeleton3D/Limb_004"]

[node name="CollisionShape3D" type="CollisionShape3D" parent="tentacle/Armature/Skeleton3D/Limb_004/StaticBody3D"]
transform = Transform3D(1, 0, 0, 0, 1, 0, 0, 0, 1, 0, 0.005, 0)
shape = SubResource("CapsuleShape3D_blmpd")

[node name="Limb_005" type="BoneAttachment3D" parent="tentacle/Armature/Skeleton3D" index="6"]
transform = Transform3D(1, -1.10923e-16, -2.96908e-17, 2.96908e-17, 0.499551, -0.866284, 1.10923e-16, 0.866284, 0.499551, -3.64396e-18, 0.0164109, 0.0327802)
bone_name = "Limb.005"
bone_idx = 5

[node name="StaticBody3D" type="StaticBody3D" parent="tentacle/Armature/Skeleton3D/Limb_005"]

[node name="CollisionShape3D" type="CollisionShape3D" parent="tentacle/Armature/Skeleton3D/Limb_005/StaticBody3D"]
transform = Transform3D(1, 0, 0, 0, 1, 0, 0, 0, 1, 0, 0.005, 0)
shape = SubResource("CapsuleShape3D_yo4h0")

[node name="Limb_006" type="BoneAttachment3D" parent="tentacle/Armature/Skeleton3D" index="7"]
transform = Transform3D(1, -6.91321e-18, -1.07633e-19, 1.07654e-19, 0.0311342, -0.999515, 6.91325e-18, 0.999515, 0.0311342, -4.75318e-18, 0.0214064, 0.041443)
bone_name = "Limb.006"
bone_idx = 6

[node name="StaticBody3D" type="StaticBody3D" parent="tentacle/Armature/Skeleton3D/Limb_006"]

[node name="CollisionShape3D" type="CollisionShape3D" parent="tentacle/Armature/Skeleton3D/Limb_006/StaticBody3D"]
transform = Transform3D(1, 0, 0, 0, 1, 0, 0, 0, 1, 0, 0.005, 0)
shape = SubResource("CapsuleShape3D_qrltt")

[node name="Limb_007" type="BoneAttachment3D" parent="tentacle/Armature/Skeleton3D" index="8"]
transform = Transform3D(1, 1.11279e-16, -2.98968e-17, 2.98968e-17, -0.501156, -0.865356, -1.11279e-16, 0.865356, -0.501156, -4.82231e-18, 0.0217178, 0.0514382)
bone_name = "Limb.007"
bone_idx = 7

[node name="StaticBody3D" type="StaticBody3D" parent="tentacle/Armature/Skeleton3D/Limb_007"]

[node name="CollisionShape3D" type="CollisionShape3D" parent="tentacle/Armature/Skeleton3D/Limb_007/StaticBody3D"]
transform = Transform3D(1, 0, 0, 0, 1, 0, 0, 0, 1, 0, 0.005, 0)
shape = SubResource("CapsuleShape3D_gimeh")

[node name="Limb_008" type="BoneAttachment3D" parent="tentacle/Armature/Skeleton3D" index="9"]
transform = Transform3D(1, 2.01571e-16, -1.28917e-16, 1.28917e-16, -0.907796, -0.41941, -2.01571e-16, 0.41941, -0.907797, -3.70952e-18, 0.0167062, 0.0600917)
bone_name = "Limb.008"
bone_idx = 8

[node name="StaticBody3D" type="StaticBody3D" parent="tentacle/Armature/Skeleton3D/Limb_008"]

[node name="CollisionShape3D" type="CollisionShape3D" parent="tentacle/Armature/Skeleton3D/Limb_008/StaticBody3D"]
transform = Transform3D(1, 0, 0, 0, 1, 0, 0, 0, 1, 0, 0.005, 0)
shape = SubResource("CapsuleShape3D_tcsey")

[node name="Limb_009" type="BoneAttachment3D" parent="tentacle/Armature/Skeleton3D" index="10"]
transform = Transform3D(1, 2.21865e-16, -2.30976e-16, 2.30975e-16, -0.99919, 0.0402214, -2.21865e-16, -0.0402213, -0.999191, -1.69381e-18, 0.00762823, 0.0642858)
bone_name = "Limb.009"
bone_idx = 9

[node name="StaticBody3D" type="StaticBody3D" parent="tentacle/Armature/Skeleton3D/Limb_009"]

[node name="CollisionShape3D" type="CollisionShape3D" parent="tentacle/Armature/Skeleton3D/Limb_009/StaticBody3D"]
transform = Transform3D(1, 0, 0, 0, 1, 0, 0, 0, 1, 0, 0.005, 0)
shape = SubResource("CapsuleShape3D_gydqj")

[node name="Limb_010" type="BoneAttachment3D" parent="tentacle/Armature/Skeleton3D" index="11"]
transform = Transform3D(1, 1.89617e-16, -3.37584e-16, 3.37583e-16, -0.853958, 0.520341, -1.89617e-16, -0.520341, -0.853958, 5.24841e-19, -0.00236368, 0.0638836)
bone_name = "Limb.010"
bone_idx = 10

[node name="StaticBody3D" type="StaticBody3D" parent="tentacle/Armature/Skeleton3D/Limb_010"]

[node name="CollisionShape3D" type="CollisionShape3D" parent="tentacle/Armature/Skeleton3D/Limb_010/StaticBody3D"]
transform = Transform3D(1, 0, 0, 0, 1, 0, 0, 0, 1, 0, 0.005, 0)
shape = SubResource("CapsuleShape3D_54gbl")

[node name="AnimationStateMachine" type="Node" parent="." node_paths=PackedStringArray("Animator")]
script = ExtResource("3_6yafa")
Animator = NodePath("../tentacle/AnimationPlayer")
metadata/_custom_type_script = "uid://ckv4mr7osps52"

[node name="SfxSwipe" type="AudioStreamPlayer3D" parent="."]
stream = ExtResource("5_6yafa")
pitch_scale = 0.6
max_distance = 24.0
bus = &"SFX"

[editable path="tentacle"]
