[gd_scene load_steps=7 format=3 uid="uid://cuc22dure6gn7"]

[ext_resource type="PackedScene" uid="uid://cafptecs7cbl7" path="res://Prefabs/Nature/seaweed_cluster_section.tscn" id="1_sitlp"]
[ext_resource type="Script" uid="uid://dt4o28x6fcqym" path="res://FocusEvent/FocusEventArea.cs" id="2_vo0on"]
[ext_resource type="Script" uid="uid://crb4gwrjb3psl" path="res://FocusHotSpot/FocusHotSpotArea.cs" id="3_74vub"]

[sub_resource type="CylinderShape3D" id="CylinderShape3D_isti4"]
height = 1.0
radius = 2.0

[sub_resource type="CylinderShape3D" id="CylinderShape3D_vo0on"]
height = 0.850098
radius = 2.00781

[sub_resource type="CylinderShape3D" id="CylinderShape3D_aqi8q"]
height = 0.001

[node name="Seaweed_Cluster_Circle" type="Node3D"]

[node name="StaticBody3D" type="StaticBody3D" parent="."]

[node name="CollisionShape3D" type="CollisionShape3D" parent="StaticBody3D"]
transform = Transform3D(1, 0, 0, 0, 1, 0, 0, 0, 1, 0, -0.5, 0)
shape = SubResource("CylinderShape3D_isti4")

[node name="Weeds" type="Node3D" parent="."]

[node name="Seaweed_Cluster_Small" parent="Weeds" instance=ExtResource("1_sitlp")]

[node name="Seaweed_Cluster_Small2" parent="Weeds" instance=ExtResource("1_sitlp")]
transform = Transform3D(0.235498, 0, -0.971875, 0, 1, 0, 0.971875, 0, 0.235498, -0.965336, 0, -0.29584)

[node name="Seaweed_Cluster_Small3" parent="Weeds" instance=ExtResource("1_sitlp")]
transform = Transform3D(-0.696477, 0, -0.717579, 0, 1, 0, 0.717579, 0, -0.696477, -0.847203, 0, 0.718772)

[node name="Seaweed_Cluster_Small4" parent="Weeds" instance=ExtResource("1_sitlp")]
transform = Transform3D(-0.696477, 0, -0.717579, 0, 1, 0, 0.717579, 0, -0.696477, 0.169434, 0, 0.980315)

[node name="Seaweed_Cluster_Small5" parent="Weeds" instance=ExtResource("1_sitlp")]
transform = Transform3D(-0.811798, 0, 0.583938, 0, 1, 0, -0.583938, 0, -0.811798, 1.18352, 0, 0.44174)

[node name="Seaweed_Cluster_Small6" parent="Weeds" instance=ExtResource("1_sitlp")]
transform = Transform3D(0.204137, 0, 0.978942, 0, 1, 0, -0.978942, 0, 0.204137, 0.966562, 0, -0.513212)

[node name="Seaweed_Cluster_Small7" parent="Weeds" instance=ExtResource("1_sitlp")]
transform = Transform3D(0.76787, 0, 0.640606, 0, 1, 0, -0.640606, 0, 0.76787, 0.073689, 0, -0.990462)

[node name="Seaweed_Cluster_Small8" parent="Weeds" instance=ExtResource("1_sitlp")]
transform = Transform3D(-0.68639, 0, 0.727234, 0, 1, 0, -0.727234, 0, -0.68639, -0.971463, 0, -1.18187)

[node name="Seaweed_Cluster_Small9" parent="Weeds" instance=ExtResource("1_sitlp")]
transform = Transform3D(-0.983271, 0, -0.18215, 0, 1, 0, 0.18215, 0, -0.983271, -1.60019, 0, -0.119315)

[node name="Seaweed_Cluster_Small10" parent="Weeds" instance=ExtResource("1_sitlp")]
transform = Transform3D(-0.611817, 0, -0.790999, 0, 1, 0, 0.790999, 0, -0.611817, -0.472339, 0, 1.41719)

[node name="Seaweed_Cluster_Small11" parent="Weeds" instance=ExtResource("1_sitlp")]
transform = Transform3D(0.602943, 0, -0.797784, 0, 1, 0, 0.797784, 0, 0.602943, 0.923104, 0, 1.16205)

[node name="Seaweed_Cluster_Small12" parent="Weeds" instance=ExtResource("1_sitlp")]
transform = Transform3D(0.602943, 0, -0.797784, 0, 1, 0, 0.797784, 0, 0.602943, 0.848134, 0, -1.53774)

[node name="Seaweed_Cluster_Small13" parent="Weeds" instance=ExtResource("1_sitlp")]
transform = Transform3D(-0.0367659, 0, -0.999324, 0, 1, 0, 0.999324, 0, -0.0367659, -0.0984304, 0, -1.75083)

[node name="Seaweed_Cluster_Small14" parent="Weeds" instance=ExtResource("1_sitlp")]
transform = Transform3D(-0.617791, 0, -0.786342, 0, 1, 0, 0.786342, 0, -0.617791, -1.35277, 0, 0.772956)

[node name="Seaweed_Cluster_Small15" parent="Weeds" instance=ExtResource("1_sitlp")]
transform = Transform3D(-0.995393, 0, -0.0958804, 0, 1, 0, 0.0958804, 0, -0.995393, 1.54883, 0, -0.48138)

[node name="FocusEventArea" type="Area3D" parent="."]
collision_layer = 0
collision_mask = 2
script = ExtResource("2_vo0on")
Id = "seaweed"
metadata/_custom_type_script = "uid://dt4o28x6fcqym"

[node name="CollisionShape3D" type="CollisionShape3D" parent="FocusEventArea"]
transform = Transform3D(1, 0, 0, 0, 1, 0, 0, 0, 1, 0, 0.0549316, 0)
shape = SubResource("CylinderShape3D_vo0on")
debug_color = Color(0.7, 0, 0, 0.419608)

[node name="FocusHotSpotArea" type="Area3D" parent="."]
script = ExtResource("3_74vub")
metadata/_custom_type_script = "uid://crb4gwrjb3psl"

[node name="CollisionShape3D" type="CollisionShape3D" parent="FocusHotSpotArea"]
transform = Transform3D(1, 0, 0, 0, 1, 0, 0, 0, 1, 0, -0.0400252, 0)
shape = SubResource("CylinderShape3D_aqi8q")
debug_color = Color(0, 0.7, 0.0583333, 0.419608)
