[gd_scene load_steps=3 format=3 uid="uid://jyb4tasp37gp"]

[ext_resource type="PackedScene" uid="uid://cafptecs7cbl7" path="res://Prefabs/Nature/seaweed_cluster_section.tscn" id="1_0ogyt"]

[sub_resource type="BoxShape3D" id="BoxShape3D_fegj0"]
size = Vector3(1.5, 1, 3)

[node name="Seaweed_Cluster_Bridge" type="Node3D"]

[node name="StaticBody3D" type="StaticBody3D" parent="."]

[node name="CollisionShape3D" type="CollisionShape3D" parent="StaticBody3D"]
transform = Transform3D(1, 0, 0, 0, 1, 0, 0, 0, 1, 0, -0.5, 0)
shape = SubResource("BoxShape3D_fegj0")

[node name="Weeds" type="Node3D" parent="."]

[node name="Seaweed_Cluster_Section" parent="Weeds" instance=ExtResource("1_0ogyt")]
transform = Transform3D(1, 0, 0, 0, 1, 0, 0, 0, 1, 0.30598, 0, -1.13198)

[node name="Seaweed_Cluster_Section2" parent="Weeds" instance=ExtResource("1_0ogyt")]
transform = Transform3D(1, 0, 0, 0, 1, 0, 0, 0, 1, -0.423529, 0, -0.096134)

[node name="Seaweed_Cluster_Section5" parent="Weeds" instance=ExtResource("1_0ogyt")]
transform = Transform3D(1, 0, 0, 0, 1, 0, 0, 0, 1, 0.327287, 1.19209e-07, 0.411127)

[node name="Seaweed_Cluster_Section6" parent="Weeds" instance=ExtResource("1_0ogyt")]
transform = Transform3D(1, 0, 0, 0, 1, 0, 0, 0, 1, -0.483808, 0, 1.06184)

[node name="Seaweed_Cluster_Section3" parent="Weeds" instance=ExtResource("1_0ogyt")]
transform = Transform3D(0.141851, 0, -0.989888, 0, 1, 0, 0.989888, 0, 0.141851, 0.299771, 0, 1.07684)

[node name="Seaweed_Cluster_Section7" parent="Weeds" instance=ExtResource("1_0ogyt")]
transform = Transform3D(0.141851, 0, -0.989888, 0, 1, 0, 0.989888, 0, 0.141851, 0.278671, 0, -0.359263)

[node name="Seaweed_Cluster_Section4" parent="Weeds" instance=ExtResource("1_0ogyt")]
transform = Transform3D(0.141851, 0, -0.989888, 0, 1, 0, 0.989888, 0, 0.141851, -0.264956, 0, -1.22166)
