[gd_scene load_steps=7 format=3 uid="uid://dkwf4pkxnfdjr"]

[ext_resource type="PackedScene" uid="uid://cw5nv31ayma7j" path="res://Assets/FlawLizArt/Nature/Bugs/bee.fbx" id="1_j1php"]
[ext_resource type="Script" uid="uid://dwh5p8rrpw670" path="res://FocusCharacter/FocusCharacter.cs" id="1_toj34"]
[ext_resource type="Script" uid="uid://ckv4mr7osps52" path="res://Modules/Animation/AnimationStateMachine.cs" id="2_toj34"]
[ext_resource type="Material" uid="uid://cukhg4fyffggk" path="res://Materials/Plant_Dark.tres" id="3_kk2kd"]

[sub_resource type="SphereMesh" id="SphereMesh_ln6oj"]
radius = 0.004
height = 0.004
is_hemisphere = true

[sub_resource type="SphereMesh" id="SphereMesh_kk2kd"]
radius = 0.003
height = 0.003
is_hemisphere = true

[node name="Bee" type="Node3D" node_paths=PackedStringArray("Animation", "Accessories")]
script = ExtResource("1_toj34")
Animation = NodePath("AnimationStateMachine")
WalkingAnimation = "Armature|moving"
Accessories = [NodePath("bee/Armature/Skeleton3D/moss"), NodePath("bee/Armature/Skeleton3D/moss2")]

[node name="bee" parent="." instance=ExtResource("1_j1php")]
transform = Transform3D(0.25, 0, 0, 0, 0.25, 0, 0, 0, 0.25, 0, 0.097742, 0)

[node name="Skeleton3D" parent="bee/Armature" index="0"]
bones/0/position = Vector3(0, -0.001, 0.0012183)
bones/1/rotation = Quaternion(0.231972, 5.44409e-17, 4.97231e-18, 0.972723)
bones/2/position = Vector3(5.34132e-26, 0.0092985, -9.78774e-12)
bones/2/rotation = Quaternion(-0.372432, 4.49118e-19, 8.37986e-17, 0.928059)
bones/2/scale = Vector3(1, 1, 1)
bones/4/position = Vector3(5.23592e-20, 0.00043121, 0.000235804)
bones/4/rotation = Quaternion(0.95701, 6.37619e-17, -2.72405e-16, -0.290056)
bones/4/scale = Vector3(1, 1, 1)
bones/6/position = Vector3(0.00203089, 0.00497978, 0.000948583)
bones/6/rotation = Quaternion(0.041609, -0.0443165, -0.667852, 0.741808)
bones/6/scale = Vector3(1, 1, 1)
bones/8/position = Vector3(0.00105912, -0.000254703, -0.00264238)
bones/8/rotation = Quaternion(-0.2772, 0.282124, -0.643584, 0.65526)
bones/8/scale = Vector3(1, 1, 1)
bones/9/position = Vector3(5.31635e-11, 0.00507071, -3.65138e-10)
bones/9/rotation = Quaternion(0.580427, 0.427603, -0.379517, 0.57985)
bones/9/scale = Vector3(1, 1, 1)
bones/10/position = Vector3(-1.14438e-12, 0.00447176, 5.67576e-10)
bones/10/rotation = Quaternion(0.640545, 0.33392, 0.334392, -0.605294)
bones/10/scale = Vector3(1, 1, 1)
bones/12/position = Vector3(0.00125027, 0.00290957, -0.00304446)
bones/12/rotation = Quaternion(-0.453099, 0.0606411, -0.709553, 0.536244)
bones/13/position = Vector3(1.383e-11, 0.00421023, 2.84597e-11)
bones/13/rotation = Quaternion(0.687752, 0.040163, 0.376076, 0.619638)
bones/13/scale = Vector3(1, 1, 1)
bones/14/position = Vector3(3.41122e-10, 0.00367217, -1.65594e-11)
bones/14/rotation = Quaternion(0.933636, -0.0939248, -0.0829818, -0.335582)
bones/14/scale = Vector3(1, 1, 1)
bones/16/position = Vector3(0.00125027, 0.00734419, -0.00288133)
bones/16/rotation = Quaternion(-0.486057, 0.242153, -0.778354, 0.315081)
bones/16/scale = Vector3(1, 1, 1)
bones/17/position = Vector3(-1.44128e-09, 0.00421023, -9.68883e-11)
bones/17/rotation = Quaternion(0.711513, -0.11806, 0.468708, 0.510024)
bones/18/position = Vector3(1.58431e-10, 0.00367217, -2.84497e-10)
bones/18/rotation = Quaternion(0.888702, 0.000656557, -0.0317611, -0.457384)
bones/18/scale = Vector3(1, 1, 1)
bones/20/position = Vector3(-0.00105912, -0.000254703, -0.00264238)
bones/20/rotation = Quaternion(-0.2772, -0.282124, 0.643584, 0.65526)
bones/20/scale = Vector3(1, 1, 1)
bones/21/position = Vector3(-6.22274e-11, 0.00507071, -3.65368e-10)
bones/21/rotation = Quaternion(0.580427, -0.427604, 0.379517, 0.57985)
bones/21/scale = Vector3(1, 1, 1)
bones/22/position = Vector3(1.14438e-12, 0.00447176, 5.67576e-10)
bones/22/rotation = Quaternion(0.640545, -0.33392, -0.334392, -0.605294)
bones/22/scale = Vector3(1, 1, 1)
bones/24/position = Vector3(-0.00125027, 0.00290957, -0.00304446)
bones/24/rotation = Quaternion(-0.453099, -0.060641, 0.709553, 0.536244)
bones/24/scale = Vector3(1, 1, 1)
bones/25/position = Vector3(-1.383e-11, 0.00421023, 2.84597e-11)
bones/25/rotation = Quaternion(0.687752, -0.0401629, -0.376076, 0.619638)
bones/25/scale = Vector3(1, 1, 1)
bones/26/position = Vector3(-3.41122e-10, 0.00367217, -1.65594e-11)
bones/26/rotation = Quaternion(0.933636, 0.0939248, 0.0829818, -0.335582)
bones/26/scale = Vector3(1, 1, 1)
bones/28/position = Vector3(-0.00125027, 0.00734419, -0.00288133)
bones/28/rotation = Quaternion(-0.486057, -0.242153, 0.778354, 0.315081)
bones/28/scale = Vector3(1, 1, 1)
bones/29/position = Vector3(1.43626e-09, 0.00421023, -9.70157e-11)
bones/29/rotation = Quaternion(0.711513, 0.11806, -0.468708, 0.510024)
bones/29/scale = Vector3(1, 1, 1)
bones/30/position = Vector3(-1.58431e-10, 0.00367217, -2.84497e-10)
bones/30/rotation = Quaternion(0.888702, -0.000656558, 0.0317611, -0.457383)
bones/30/scale = Vector3(1, 1, 1)
bones/32/position = Vector3(-0.00203089, 0.00497978, 0.000948583)
bones/32/rotation = Quaternion(0.041609, 0.0443165, 0.667852, 0.741808)
bones/32/scale = Vector3(1, 1, 1)

[node name="moss" type="BoneAttachment3D" parent="bee/Armature/Skeleton3D" index="9"]
transform = Transform3D(1, -1.09026e-16, -6.39735e-16, 5.0346e-16, -0.491679, 0.870776, -4.09481e-16, -0.870776, -0.491679, 3.34829e-18, 0.000569716, 0.0163217)
bone_name = "Body_Back"
bone_idx = 4

[node name="MeshInstance3D" type="MeshInstance3D" parent="bee/Armature/Skeleton3D/moss"]
transform = Transform3D(0.494625, -0.869107, 0, -0.224941, -0.128018, 0.965926, -0.839493, -0.477771, -0.258819, -0.00140287, 0.00441541, -0.00124554)
mesh = SubResource("SphereMesh_ln6oj")
surface_material_override/0 = ExtResource("3_kk2kd")

[node name="MeshInstance3D2" type="MeshInstance3D" parent="bee/Armature/Skeleton3D/moss"]
transform = Transform3D(0.322348, 0.918897, -0.227421, 0.245004, 0.151072, 0.95768, 0.914366, -0.364425, -0.176435, 0.00136387, 0.0076583, -0.000950264)
mesh = SubResource("SphereMesh_ln6oj")
surface_material_override/0 = ExtResource("3_kk2kd")

[node name="MeshInstance3D3" type="MeshInstance3D" parent="bee/Armature/Skeleton3D/moss"]
transform = Transform3D(0.990005, -0.140208, 0.015228, 0.0992758, 0.769502, 0.630881, -0.100173, -0.623064, 0.77573, -0.000211398, 0.0122254, -0.000351266)
mesh = SubResource("SphereMesh_kk2kd")
surface_material_override/0 = ExtResource("3_kk2kd")

[node name="moss2" type="BoneAttachment3D" parent="bee/Armature/Skeleton3D" index="10"]
transform = Transform3D(1, 1.55841e-17, 1.08219e-16, 3.49309e-17, 0.892378, -0.451288, -1.03605e-16, 0.451288, 0.892378, 3.26369e-18, 0.000291329, 0.0159167)
bone_name = "Body_Front"
bone_idx = 1

[node name="MeshInstance3D" type="MeshInstance3D" parent="bee/Armature/Skeleton3D/moss2"]
transform = Transform3D(0.999767, -0.0209753, 0.00518034, 0.00559191, 0.01961, -0.999792, 0.0208693, 0.999588, 0.0197226, 9.1092e-05, 0.00464413, 0.0018918)
mesh = SubResource("SphereMesh_ln6oj")
surface_material_override/0 = ExtResource("3_kk2kd")

[node name="AnimationPlayer" parent="bee" index="1"]
playback_default_blend_time = 0.25

[node name="AnimationStateMachine" type="Node" parent="." node_paths=PackedStringArray("Animator")]
script = ExtResource("2_toj34")
Animator = NodePath("../bee/AnimationPlayer")
metadata/_custom_type_script = "uid://ckv4mr7osps52"

[editable path="bee"]
